01 1 472
02 473 1419
03 1420 4629
04 4630 7237
05 7238 8138
06 8139 10163
07 10164 20953
08 20954 43943
09 43944 48492
10 48493 49753
11 49754 58749
12 58750 72015
13 72016 77947
14 77948 102765
15 102766 132423
16 132424 164989
17 164990 166094
18 166095 193171
19 193172 222124
20 222125 235713
21 235714 237293
22 237294 238384
23 238385 253289
24 253290 269235
25 269236 278409
26 278410 280819
27 280820 299901
28 299902 318193
29 318194 330110
30 330111 337969
31 337970 343079
32 343080 344495
33 344496 346863
34 346864 347800
35 347801 372859
36 372860 377018
37 377019 380959
38 380960 397206
39 397207 418573
40 418574 429791
41 429792 464817
42 464818 469674
43 469675 489806
44 489807 507735
45 507736 528600
46 528601 547455
47 547456 549527
48 549528 556477
49 556478 575139
50 575140 576362
51 576363 577159
52 577160 582667
53 582668 587630
