01-1 1 0
02-1 473 472
0201 473 852
03-1 1420 1419
0301 1420 1762
0302 1763 2123
0303 2124 2433
0304 2434 2771
0305 2772 3271
0306 3272 3556
0307 3557 3906
0308 3907 4200
04-1 4630 4629
0401 4630 5149
0402 5150 5921
0403 5922 6482
0404 6483 7058
05-1 7238 7237
06-1 8139 8138
0601 8139 8380
0602 8381 8664
0603 8665 8885
0604 8886 9166
0605 9167 9464
0606 9465 9674
0607 9675 9892
07-1 10164 10163
0701 10164 10678
0702 10679 11961
0703 11962 13944
0704 13945 15323
0705 15324 15921
0706 15922 16795
0707 16796 17513
0708 17514 18183
0709 18184 19014
0710 19015 19581
0711 19582 20631
08-1 20954 20953
0801 20954 21933
0802 21934 22769
0803 22770 23477
0804 23478 24722
0805 24723 25476
0806 25477 26024
0807 26025 26728
0808 26729 27213
0809 27214 28015
0810 28016 28521
0811 28522 29324
0812 29325 30234
0813 30235 30743
0814 30744 31319
0815 31320 31902
0816 31903 32477
0817 32478 33023
0818 33024 33491
0819 33492 34029
0820 34030 34539
0821 34540 35093
0822 35094 35760
0823 35761 36271
0824 36272 36798
0825 36799 37240
0826 37241 37794
0827 37795 38277
0828 38278 40004
0829 40005 40687
0830 40688 41282
0831 41283 42158
0832 42159 43136
0833 43137 43689
09-1 43944 43943
0901 43944 44258
0902 44259 44876
0903 44877 45346
0904 45347 45669
0905 45670 46078
0906 46079 46333
0907 46334 46794
0908 46795 47202
0909 47203 47688
0910 47689 47980
0911 47981 48205
10-1 48493 48492
11-1 49754 49753
1101 49754 50989
1102 50990 51660
1103 51661 52070
1104 52071 53316
1105 53317 54757
1106 54758 55578
1107 55579 55850
1108 55851 57816
12-1 58750 58749
1201 58750 59033
1202 59034 59655
1203 59656 60081
1204 60082 60635
1205 60636 61105
1206 61106 61687
1207 61688 62343
1208 62344 63103
1209 63104 63601
1210 63602 64337
1211 64338 64662
1212 64663 65236
1213 65237 65952
1214 65953 66367
1215 66368 66873
1216 66874 67315
1217 67316 68081
1218 68082 68610
1219 68611 69693
1220 69694 70222
1221 70223 70579
1222 70580 71264
13-1 72016 72015
1301 72016 72854
1302 72855 73410
1303 73411 74004
1304 74005 75031
1305 75032 75553
1306 75554 75914
1307 75915 76152
1308 76153 77045
1309 77046 77638
14-1 77948 77947
1401 77948 78320
1402 78321 78881
1403 78882 79476
1404 79477 80222
1405 80223 80694
1406 80695 81304
1407 81305 81956
1408 81957 82686
1409 82687 83509
1410 83510 84239
1411 84240 84501
1412 84502 85604
1413 85605 86106
1414 86107 86892
1415 86893 87401
1416 87402 88208
1417 88209 88586
1418 88587 89172
1419 89173 89738
1420 89739 90241
1421 90242 90928
1422 90929 91476
1423 91477 92187
1424 92188 92585
1425 92586 93252
1426 93253 94024
1427 94025 94477
1428 94478 95280
1429 95281 96343
1430 96344 97050
1431 97051 97392
1432 97393 98201
1433 98202 98752
1434 98753 99560
1435 99561 100136
1436 100137 100895
1437 100896 101287
1438 101288 101792
1439 101793 102235
15-1 102766 102765
1501 102766 103339
1502 103340 103552
1503 103553 104203
1504 104204 104627
1505 104628 105082
1506 105083 105384
1507 105385 105869
1508 105870 106296
1509 106297 106616
1510 106617 107102
1511 107103 107640
1512 107641 108238
1513 108239 108774
1514 108775 109403
1515 109404 109570
1516 109571 111037
1517 111038 111616
1518 111617 112338
1519 112339 112607
1520 112608 113792
1521 113793 114567
1522 114568 115205
1523 115206 116223
1524 116224 116815
1525 116816 117208
1526 117209 117711
1527 117712 118393
1528 118394 118990
1529 118991 119502
1530 119503 119998
1531 119999 120496
1532 120497 121179
1533 121180 121955
1534 121956 122680
1535 122681 122935
1536 122936 123808
1537 123809 124499
1538 124500 125073
1539 125074 125813
1540 125814 126976
1541 126977 127579
1542 127580 128115
1543 128116 128835
1544 128836 129662
1545 129663 130317
1546 130318 130976
1547 130977 131582
16-1 132424 132423
1601 132424 133164
1602 133165 133695
1603 133696 134276
1604 134277 134807
1605 134808 135289
1606 135290 135794
1607 135795 136315
1608 136316 136837
1609 136838 137403
1610 137404 137859
1611 137860 138458
1612 138459 138891
1613 138892 139280
1614 139281 139797
1615 139798 140162
1616 140163 140517
1617 140518 141100
1618 141101 141749
1619 141750 142659
1620 142660 143085
1621 143086 143747
1622 143748 144290
1623 144291 144717
1624 144718 146256
1625 146257 146880
1626 146881 147631
1627 147632 148716
1628 148717 149197
1629 149198 149930
1630 149931 150845
1631 150846 152078
1632 152079 152793
1633 152794 153206
1634 153207 153944
1635 153945 154502
1636 154503 155179
1637 155180 155948
1638 155949 156619
1639 156620 157186
1640 157187 157664
1641 157665 158804
1642 158805 159606
1643 159607 160401
1644 160402 161162
1645 161163 161776
1646 161777 162444
1647 162445 163296
1648 163297 163860
1649 163861 164429
17-1 164990 164989
1701 164990 165329
1702 165330 165731
18-1 166095 166094
1801 166095 166676
1802 166677 167116
1803 167117 167613
1804 167614 167753
1805 167754 168421
1806 168422 168728
1807 168729 169246
1808 169247 169756
1809 169757 170204
1810 170205 170859
1811 170860 171209
1812 171210 171324
1813 171325 171742
1814 171743 172370
1815 172371 172557
1816 172558 172837
1817 172838 173163
1818 173164 173347
1819 173348 173876
1820 173877 174021
1821 174022 174314
1822 174315 174802
1823 174803 175109
1824 175110 175504
1825 175505 175732
1826 175733 176096
1827 176097 176396
1828 176397 176953
1829 176954 177505
1830 177506 178296
1831 178297 178529
1832 178530 178854
1833 178855 179320
1834 179321 179671
1835 179672 179878
1836 179879 180371
1837 180372 181155
1838 181156 181580
1839 181581 181817
1840 181818 182346
1841 182347 182909
1842 182910 183395
1843 183396 183909
1844 183910 184518
1845 184519 185092
1846 185093 185336
1847 185337 185673
1848 185674 186122
1849 186123 186758
1850 186759 187026
1851 187027 187615
1852 187616 187915
1853 187916 188201
1854 188202 188548
1855 188549 188853
1856 188854 189106
1857 189107 189505
1858 189506 189914
1859 189915 190376
1860 190377 190854
1861 190855 191068
1862 191069 191337
1863 191338 191760
1864 191761 191960
1865 191961 192565
19-1 193172 193171
1901 193172 193589
1902 193590 194404
1903 194405 195035
1904 195036 195687
1905 195688 196354
1906 196355 196912
1907 196913 197680
1908 197681 198170
1909 198171 198716
1910 198717 199110
1911 199111 199632
1912 199633 200020
1913 200021 200628
1914 200629 201139
1915 201140 201629
1916 201630 202160
1917 202161 202707
1918 202708 203192
1919 203193 203631
1920 203632 204100
1921 204101 204395
1922 204396 205046
1923 205047 205915
1924 205916 206201
1925 206202 206589
1926 206590 207118
1927 207119 208105
1928 208106 209307
1929 209308 209453
1930 209454 210128
1931 210129 210822
1932 210823 211309
1933 211310 211902
1934 211903 212254
1935 212255 212574
1936 212575 213078
1937 213079 213484
1938 213485 214350
1939 214351 215392
1940 215393 215737
1941 215738 216276
1942 216277 216729
1943 216730 217531
1944 217532 217977
1945 217978 218671
1946 218672 218863
1947 218864 219311
1948 219312 219699
1949 219700 220218
1950 220219 220509
1951 220510 221436
20-1 222125 222124
2001 222125 222707
2002 222708 223101
2003 223102 223405
2004 223406 223676
2005 223677 224008
2006 224009 224421
2007 224422 224708
2008 224709 224957
2009 224958 225343
2010 225344 225629
2011 225630 225887
2012 225888 226135
2013 226136 226449
2014 226450 226747
2015 226748 227148
2016 227149 227418
2017 227419 227609
2018 227610 227820
2019 227821 228192
2020 228193 228536
2021 228537 228920
2022 228921 229242
2023 229243 229447
2024 229448 229814
2025 229815 229822
2026 229823 230020
2027 230021 230259
2028 230260 230561
2029 230562 230842
2030 230843 231209
2031 231210 231755
2032 231756 232032
2033 232033 232468
2034 232469 232892
2035 232893 233072
2036 233073 233461
2037 233462 233750
2038 233751 234214
2039 234215 234537
2040 234538 234894
2041 234895 235170
21-1 235714 235713
2101 235714 236072
2102 236073 236729
2103 236730 236842
22-1 237294 237293
2201 237294 237696
2202 237697 237881
2203 237882 238119
23-1 238385 238384
2301 238385 238825
2302 238826 239409
2303 239410 239850
2304 239851 240390
2305 240391 240774
2306 240775 241396
2307 241397 242046
2308 242047 242695
2309 242696 243545
2310 243546 244631
2311 244632 245208
2312 245209 245528
2313 245529 246231
2314 246232 246618
2315 246619 247560
2316 247561 247798
2317 247799 248271
2318 248272 248842
2319 248843 249623
2320 249624 249782
2321 249783 250780
2322 250781 251828
2323 251829 252276
24-1 253290 253289
2401 253290 254199
2402 254200 254799
2403 254800 255530
2404 255531 256199
2405 256200 256746
2406 256747 257810
2407 257811 258618
2408 258619 259442
2409 259443 260834
2410 260835 261234
2411 261235 262272
2412 262273 262615
2413 262616 263232
2414 263233 263814
2415 263815 264362
2416 264363 265366
2417 265367 265686
2418 265687 266570
2419 266571 267522
2420 267523 268643
25-1 269236 269235
2501 269236 269722
2502 269723 270377
2503 270378 270592
2504 270593 271014
2505 271015 271636
2506 271637 272205
2507 272206 273129
2508 273130 274044
2509 274045 274478
2510 274479 275113
2511 275114 275801
2512 275802 276306
2513 276307 276915
2514 276916 277427
2515 277428 277899
26-1 278410 278409
2600 278410 279047
2602 279048 279637
2603 279638 280203
2604 280204 280598
27-1 280820 280819
2701 280820 281216
2702 281217 281533
2703 281534 281917
2704 281918 282813
2705 282814 283459
2706 283460 283943
2707 283944 284698
2708 284699 285613
2709 285614 286131
2710 286132 286660
2711 286661 287595
2712 287596 287788
2713 287789 289283
2714 289284 290618
2715 290619 291413
2716 291414 292332
2717 292333 292784
2718 292785 293313
2719 293314 294010
2720 294011 294629
2721 294630 295088
2722 295089 295765
2723 295766 296631
2724 296632 297031
2725 297032 298225
2726 298226 299219
28-1 299902 299901
2801 299902 300963
2802 300964 302087
2803 302088 303251
2804 303252 304333
2805 304334 305781
2806 305782 307095
2807 307096 308079
2808 308080 308792
2809 308793 310259
2810 310260 312054
2811 312055 313584
2812 313585 314605
2813 314606 315672
2814 315673 316776
2815 316777 317635
29-1 318194 318193
2901 318194 318936
2902 318937 319598
2903 319599 320470
2904 320471 321558
2905 321559 322203
2906 322204 322881
2907 322882 323757
2908 323758 324597
2909 324598 325260
2910 325261 326063
2911 326064 326731
2912 326732 327753
2913 327754 328288
2914 328289 329221
30-1 330111 330110
3001 330111 330744
3002 330745 331194
3003 331195 331521
3004 331522 332015
3005 332016 332579
3006 332580 333074
3007 333075 333456
3008 333457 333980
3009 333981 334500
3010 334501 334785
3011 334786 335110
3012 335111 335383
3013 335384 335844
3014 335845 336171
3015 336172 336717
3016 336718 337162
3017 337163 337568
31-1 337970 337969
3101 337970 338621
3102 338622 339328
3103 339329 340007
3104 340008 340556
3105 340557 341634
3106 341635 342563
32-1 343080 343079
3201 343080 343471
3202 343472 343938
33-1 344496 344495
3301 344496 344819
3302 344820 345110
3303 345111 345405
3304 345406 345781
3305 345782 346105
3306 346106 346438
34-1 346864 346863
3401 346864 347108
3402 347109 347415
35-1 347801 347800
3501 347801 348793
3502 348794 349303
3503 349304 350256
3504 350257 351353
3505 351354 352070
3506 352071 352621
3507 352622 354014
3508 354015 354522
3509 354523 355030
3510 355031 355643
3511 355644 356468
3512 356469 356763
3513 356764 357328
3514 357329 358301
3515 358302 359096
3516 359097 359813
3517 359814 360431
3518 360432 361216
3519 361217 361749
3520 361750 362383
3521 362384 363130
3522 363131 364080
3523 364081 364677
3524 364678 365143
3525 365144 365479
3526 365480 366475
3527 366476 366972
3528 366973 367506
3529 367507 368276
3530 368277 368718
3531 368719 369729
3532 369730 370590
3533 370591 371374
3534 371375 371806
3535 371807 372540
36-1 372860 372859
3601 372860 373160
3602 373161 373941
3603 373942 374160
3604 374161 374522
3605 374523 374761
3606 374762 374901
3607 374902 375295
3608 375296 375814
3609 375815 376108
3610 376109 376258
3611 376259 376472
3612 376473 376763
3613 376764 376799
37-1 377019 377018
3701 377019 377224
3702 377225 377865
3703 377866 377985
3704 377986 378347
3705 378348 378694
3706 378695 378807
3707 378808 379114
3708 379115 379346
3709 379347 379685
3710 379686 379984
3711 379985 380203
3712 380204 380458
3713 380459 380756
38-1 380960 380959
3801 380960 381372
3802 381373 382087
3803 382088 382380
3804 382381 383087
3805 383088 383740
3806 383741 384709
3807 384710 385373
3808 385374 385842
3809 385843 386600
3810 386601 386945
3811 386946 387707
3812 387708 388448
3813 388449 388759
3814 388760 389065
3815 389066 389625
3816 389626 390296
3817 390297 390894
3818 390895 391252
3819 391253 391744
3820 391745 391964
3821 391965 392722
3822 392723 393191
3823 393192 393712
3824 393713 394154
3825 394155 394616
3826 394617 395185
3827 395186 395871
3828 395872 396474
39-1 397207 397206
3901 397207 397646
3902 397647 398178
3903 398179 398565
3904 398566 399055
3905 399056 399457
3906 399458 400670
3907 400671 401297
3908 401298 401743
3909 401744 402481
3910 402482 402970
3911 402971 403403
3912 403404 403789
3913 403790 404354
3914 404355 404671
3915 404672 405075
3916 405076 405464
3917 405465 405836
3918 405837 406646
3919 406647 406939
3920 406940 407842
3921 407843 408348
3922 408349 408703
3923 408704 409330
3924 409331 410038
3925 410039 410774
3926 410775 411365
3927 411366 411542
3928 411543 412240
3929 412241 413133
3930 413134 413830
3931 413831 414418
3932 414419 415300
3933 415301 415914
3934 415915 416867
3935 416868 417767
40-1 418574 418573
4001 418574 418999
4002 419000 419270
4003 419271 419720
4004 419721 420045
4005 420046 420348
4006 420349 420838
4007 420839 421167
4008 421168 421583
4009 421584 421888
4010 421889 422208
4011 422209 422539
4012 422540 422855
4013 422856 423162
4014 423163 423537
4015 423538 423944
4016 423945 424315
4017 424316 424671
4018 424672 424931
4019 424932 425265
4020 425266 425544
4021 425545 425870
4022 425871 426263
4023 426264 426741
4024 426742 427036
4030 427037 427655
4031 427656 427769
4025 427770 428141
4026 428142 428493
4027 428494 428846
4028 428847 429201
41-1 429792 429791
4101 429792 429901
4102 429902 430065
4103 430066 430174
4104 430175 430306
4105 430307 430504
4106 430505 430652
4107 430653 430906
4108 430907 431041
4109 431042 431615
4110 431616 431730
4111 431731 431856
4112 431857 431954
4113 431955 432122
4114 432123 432209
4115 432210 432387
4116 432388 432624
4117 432625 433357
4118 433358 433577
4119 433578 433704
4120 433705 433898
4121 433899 434348
4122 434349 434453
4123 434454 434605
4124 434606 434902
4125 434903 435048
4126 435049 435311
4127 435312 435495
4128 435496 435631
4129 435632 435820
4130 435821 436231
4131 436232 436420
4132 436421 436691
4133 436692 436975
4134 436976 437380
4135 437381 437555
4136 437556 438080
4137 438081 438408
4138 438409 438639
4139 438640 438968
4140 438969 439167
4141 439168 439407
4142 439408 439524
4143 439525 439910
4144 439911 440202
4145 440203 440359
4146 440360 440465
4147 440466 440661
4148 440662 440954
4149 440955 441269
4150 441270 441555
4151 441556 441717
4152 441718 441835
4153 441836 441953
4154 441954 442293
4155 442294 442497
4156 442498 442695
4157 442696 442851
4158 442852 443139
4159 443140 443325
4160 443326 443445
4161 443446 443638
4162 443639 443807
4163 443808 443938
4164 443939 444143
4165 444144 444414
4166 444415 444507
4167 444508 445033
4168 445034 445583
4169 445584 445671
4170 445672 446065
4171 446066 446359
4172 446360 446713
4173 446714 447057
4174 447058 447197
4175 447198 447356
4176 447357 447632
4177 447633 448628
4178 448629 448855
4179 448856 449118
4180 449119 449336
4181 449337 449420
4182 449421 449641
4183 449642 449847
4184 449848 450025
4185 450026 450289
4186 450290 450374
4187 450375 450635
4188 450636 451352
4189 451353 451604
4190 451605 451807
4191 451808 452003
4192 452004 452083
4193 452084 452353
4194 452354 452513
4195 452514 452710
4196 452711 452876
4197 452877 453005
4198 453006 453148
4199 453149 453223
41100 453224 453347
41101 453348 453733
41102 453734 454034
41103 454035 454474
41104 454475 454991
41105 454992 455603
41106 455604 456114
41107 456115 456285
41108 456286 456685
41109 456686 456787
41110 456788 456917
41111 456918 457050
41112 457051 457140
41113 457141 457457
41114 457458 457557
41115 457558 457639
41116 457640 457667
41117 457668 457993
41118 457994 460128
41119 460129 460202
41120 460203 460297
41121 460298 460403
41122 460404 460472
41123 460473 460571
41124 460572 460653
41125 460654 460730
41126 460731 460815
41127 460816 460898
41128 460899 460986
41129 460987 461079
41130 461080 461137
41131 461138 461370
41132 461371 461430
41133 461431 461478
41134 461479 461751
41135 461752 462120
41136 462121 462247
41137 462248 462388
41138 462389 462721
41139 462722 462903
41140 462904 463071
41141 463072 463202
41142 463203 463428
41143 463429 463660
41144 463661 463965
41145 463966 464096
41146 464097 464241
41147 464242 464349
41148 464350 464523
41149 464524 464634
41150 464635 464701
42-1 464818 464817
4201 464818 464917
4202 464918 465501
4201 465502 465697
4204 465698 466120
4205 466121 466422
4206 466423 466531
4207 466532 466655
4208 466656 467166
4209 467167 467444
4210 467445 467580
4211 467581 467721
4212 467722 467839
4213 467840 467995
4214 467996 468126
4215 468127 468347
4216 468348 468589
4217 468590 469456
43-1 469675 469674
4301 469675 470415
4302 470416 471271
4303 471272 471738
4304 471739 472332
4305 472333 472728
4306 472729 473322
4307 473323 473767
4308 473768 474217
4309 474218 474992
4310 474993 475717
4311 475718 476113
4312 476114 476749
4315 476750 477335
4314 477336 478784
4315 478785 479607
4316 479608 480184
4317 480185 481049
4318 481050 481399
4319 481400 482072
4320 482073 483053
4321 483054 483501
4322 483502 484160
4323 484161 484860
4324 484861 485442
4325 485443 486623
4326 486624 487332
4327 487333 487662
4328 487663 488323
4329 488324 488684
4330 488685 489477
44-1 489807 489806
4401 489807 490380
4402 490381 491195
4403 491196 492181
4404 492182 492556
4405 492557 493111
4406 493112 493690
4407 493691 494399
4408 494400 494837
4409 494838 495195
4410 495196 495693
4411 495694 496473
4412 496474 497332
4413 497333 498432
4414 498433 499452
4415 499453 500509
4416 500510 501108
4417 501109 501927
4418 501928 502867
4419 502868 504227
4420 504228 504941
4421 504942 505607
4422 505608 506290
4423 506291 506989
45-1 507736 507735
4501 507736 509013
4502 509014 510924
4503 510925 511616
4504 511617 511851
4505 511852 512548
4506 512549 513247
4507 513248 514368
4508 514369 516120
4509 516121 516580
4510 516581 517480
4511 517481 518512
4512 518513 520330
4513 520331 521245
4514 521246 521513
4515 521514 522266
4516 522267 523256
4517 523257 523788
4518 523789 524972
4519 524973 525543
4520 525544 526245
4521 526246 527439
46-1 528601 528600
4601 528601 529242
4602 529243 529896
4603 529897 530530
4604 530531 531646
4605 531647 532424
4606 532425 533244
4607 533245 533844
4608 533845 534616
4609 534617 535647
4610 535648 536697
4611 536698 537289
4612 537290 537841
4613 537842 538448
4614 538449 539140
4615 539141 539969
4616 539970 540491
4617 540492 541516
4618 541517 542451
4619 542452 543289
4620 543290 543822
4621 543823 544431
4622 544432 545006
4623 545007 546212
4624 546213 546678
47-1 547456 547455
4701 547456 547977
4702 547978 548588
4703 548589 548990
48-1 549528 549527
4801 549528 549781
4802 549782 550158
4803 550159 550422
4804 550423 550721
4805 550722 551094
4806 551095 551414
4807 551415 551850
4808 551851 552241
4809 552242 552489
4810 552490 552807
4811 552808 553161
4812 553162 553614
4813 553615 553963
4814 553964 554455
4815 554456 554825
4816 554826 555333
4817 555334 555663
4818 555664 556101
49-1 556478 556477
4900 556478 556714
4901 556715 557044
4902 557045 557286
4903 557287 557617
4904 557618 558007
4905 558008 558234
4906 558235 558703
4907 558704 559141
4908 559142 559400
4909 559401 559671
4910 559672 560079
4911 560080 560507
4912 560508 560810
4913 560811 561157
4914 561158 561506
4915 561507 561738
4916 561739 562127
4917 562128 562449
4918 562450 562811
4919 562812 563098
4920 563099 563439
4921 563440 563780
4922 563781 564177
4923 564178 564639
4924 564640 565060
4925 565061 565379
4926 565380 565651
4927 565652 566021
4928 566022 566372
4929 566373 566736
4930 566737 567045
4931 567046 567462
4932 567463 567724
4933 567725 568164
4934 568165 568477
4935 568478 568732
4936 568733 569040
4937 569041 569462
4938 569463 570000
4939 570001 570521
4940 570522 570919
4941 570920 571265
4942 571266 571630
4943 571631 572043
4944 572044 572342
4945 572343 572841
4946 572842 573196
4947 573197 573626
4948 573627 573995
4949 573996 574235
4950 574236 574680
50-1 575140 575139
5001 575140 575557
5002 575558 575897
51-1 576363 576362
52-1 577160 577159
5201 577160 577701
5202 577702 578016
5203 578017 578488
5204 578489 579049
5205 579050 579504
5206 579505 579978
5207 579979 580338
5208 580339 580705
5209 580706 580797
5210 580798 581087
5211 581088 581420
5212 581421 581812
5213 581813 582231
53-1 582668 582667
5301 582668 583087
5302 583088 583429
5303 583430 583675
5304 583676 583963
5305 583964 584222
5306 584223 584551
5307 584552 584845
5308 584846 585382
5309 585383 585731
5310 585732 586017
5311 586018 586417
5312 586418 586777
5313 586778 587025
